--grading testcase 0--
-1 20 30 10 11
15 -1 16 4 2
3 5 -1 2 4
19 6 18 -1 3
16 4 7 16 -1

--grading testcase 1--
-1 12 10 5
12 -1 9 8
10 9 -1 15
5 8 15 -1


--grading testcase 2--
  0 500 200 185 205
500   0 305 360 340
200 305   0 320 165
185 360 320   0 302
205 340 165 302   0

--grading testcase 3--
 0 16 27 89 34 65 12 10
23  0 56 78 32 16 64 32
36 19  0 82 57 35 80 25
70 25 79  0 34 51 19 47
34 25 65 40  0 42 59 41
35 90 26 10 37  0 76 82
37 64 63 27 35 59  0 38
37 80 28 38 58 39 41  0

--grading testcase 4--
 0  1  2  3  4  5  6  7  8  9
10  0 11 12 13 14 15 16 17 18
19 20  0 21 22 23 24 25 26 27
28 29 30  0 31 32 33 34 35 36
37 38 39 40  0 41 42 43 44 45
46 47 48 49 50  0 51 52 53 54
55 56 57 58 59 60  0 61 62 63
64 65 66 67 68 69 70  0 71 72
73 74 75 76 77 78 79 80  0 81
82 83 84 85 86 87 88 89 90  0
